-----------------------NEW PUZZLE------------------------
_ _ _   8 _ 5   _ _ _
_ 3 _   _ 6 _   _ _ 7
_ 9 _   _ _ 3   8 _ _

_ 4 7   9 5 _   _ _ _
3 _ _   _ 7 1   _ 9 _
_ _ _   2 _ _   5 _ _

1 _ _   _ _ 2   4 8 _
_ _ 9   _ _ _   _ 5 _
_ _ _   _ _ 6   _ _ _
------------------------SOLUTIONS------------------------
7 2 4   8 1 5   9 6 3
5 3 8   4 6 9   1 2 7
6 9 1   7 2 3   8 4 5

2 4 7   9 5 8   6 3 1
3 8 5   6 7 1   2 9 4
9 1 6   2 3 4   5 7 8

1 7 3   5 9 2   4 8 6
4 6 9   1 8 7   3 5 2
8 5 2   3 4 6   7 1 9

--------------------------------------------------------- 1
7 2 4   8 1 5   9 6 3
5 3 8   4 6 9   1 2 7
6 9 1   7 2 3   8 4 5

2 4 7   9 5 8   6 3 1
3 8 5   6 7 1   2 9 4
9 1 6   2 3 4   5 7 8

1 7 3   5 9 2   4 8 6
8 6 9   1 4 7   3 5 2
4 5 2   3 8 6   7 1 9

--------------------------------------------------------- 2
7 6 2   8 1 5   9 4 3
8 3 5   4 6 9   1 2 7
4 9 1   7 2 3   8 6 5

2 4 7   9 5 8   6 3 1
3 5 8   6 7 1   2 9 4
9 1 6   2 3 4   5 7 8

1 7 3   5 9 2   4 8 6
6 8 9   1 4 7   3 5 2
5 2 4   3 8 6   7 1 9

--------------------------------------------------------- 3
7 2 4   8 1 5   9 6 3
8 3 5   4 6 9   1 2 7
6 9 1   7 2 3   8 4 5

2 4 7   9 5 8   6 3 1
3 5 8   6 7 1   2 9 4
9 1 6   2 3 4   5 7 8

1 7 3   5 9 2   4 8 6
4 6 9   1 8 7   3 5 2
5 8 2   3 4 6   7 1 9

--------------------------------------------------------- 4
7 1 6   8 2 5   9 4 3
8 3 5   4 6 9   1 2 7
4 9 2   7 1 3   8 6 5

2 4 7   9 5 8   6 3 1
3 5 8   6 7 1   2 9 4
9 6 1   2 3 4   5 7 8

1 7 3   5 9 2   4 8 6
6 8 9   1 4 7   3 5 2
5 2 4   3 8 6   7 1 9

--------------------------------------------------------- 5
7 6 1   8 2 5   9 4 3
8 3 5   4 6 9   1 2 7
4 9 2   7 1 3   8 6 5

2 4 7   9 5 8   6 3 1
3 5 8   6 7 1   2 9 4
9 1 6   2 3 4   5 7 8

1 7 3   5 9 2   4 8 6
6 8 9   1 4 7   3 5 2
5 2 4   3 8 6   7 1 9
--------------------------------------------------------- 6

-----------------------NEW PUZZLE------------------------
8 _ _   _ _ _   _ _ _
_ _ 3   6 _ _   _ _ _
_ 7 _   _ 9 _   2 _ _

_ 5 _   _ _ 7   _ _ _
_ _ _   _ 4 5   7 _ _
_ _ _   1 _ _   _ 3 _

_ _ 1   _ _ _   _ 6 8
_ _ 8   5 _ _   _ 1 _
_ 9 _   _ _ _   4 _ _
------------------------SOLUTIONS------------------------
8 1 2   7 5 3   6 4 9
9 4 3   6 8 2   1 7 5
6 7 5   4 9 1   2 8 3

1 5 4   2 3 7   8 9 6
3 6 9   8 4 5   7 2 1
2 8 7   1 6 9   5 3 4

5 2 1   9 7 4   3 6 8
4 3 8   5 2 6   9 1 7
7 9 6   3 1 8   4 5 2
--------------------------------------------------------- 1

-----------------------NEW PUZZLE------------------------
5 3 _   _ 7 _   _ _ _
6 _ _   1 9 5   _ _ _
_ 9 8   _ _ _   _ 6 _

8 _ _   _ 6 _   _ _ 3
4 _ _   8 _ 3   _ _ 1
7 _ _   _ 2 _   _ _ 6

_ 6 _   _ _ _   2 8 _
_ _ _   4 1 9   _ _ 5
_ _ _   _ 8 _   _ 7 9
------------------------SOLUTIONS------------------------
5 3 4   6 7 8   9 1 2
6 7 2   1 9 5   3 4 8
1 9 8   3 4 2   5 6 7

8 5 9   7 6 1   4 2 3
4 2 6   8 5 3   7 9 1
7 1 3   9 2 4   8 5 6

9 6 1   5 3 7   2 8 4
2 8 7   4 1 9   6 3 5
3 4 5   2 8 6   1 7 9
--------------------------------------------------------- 1

